71
78
142
208
242
304
349
375
406
429
462
498
583
611
687
797
831
846
892
923
962
992
1039
1073
1106
1124
1138
1147
1115
1167
1249
1289
1380
1426
1452
1488
1505
1550
1558
1570
1586
1595
1603
1639
1658
1678
1680
1727
1731
1740
1765
1778
1791
1840
1879
1917
1921
1983
2006
2047
2089
2118
2151
2184
2223
2292
2314
2341
2360
2390
2426
2452
2532
2593
2623
2649
2662
2694
2717
2733
2750
2766
2776
2788
2799
2815
2831
2849
2866
2899
2915
2923
2949
2972
2989
3007
3029
3065
3090
3098
3104
3114
3132
3155
3176
3194
3209
3232
3247
3263
3274
3286
3307
3327
3347
3372
3390
3402
3412
3420
3496
3508
3521
