125
140
295
362
498
532
613
694
757
864
1014
1047
1075
1087
1109
1134
1153
1166
1182
1252
1269
1298
1324
1351
1384
1413
1442
1489
1570
1639
1675
1703
1778
1829
1863
1909
1966
2050
2130
2157
2198
2226
2268
2296
2327
2364
2432
2469
2499
2529
2553
2601
2720
2772
2817
2844
2864
2925
2961
3009
3078
3113
3201
3281
3344
3414
3484
3529
3607
3613
3679
3706
3736
3761
3846
3919
4098
4259
4309
4381
4416
4466
4513
4560
4594
4608
4665
4751
4837
5005
5034
5077
5131
5206
5282
5356
5386
5541
5697
5747
5820
5854
5917
5957
6072
6163
6222
6293
6395
6441
6506
6538
6571
6690
6730
6797
6877
6952
7013
7057
7115
7179
7224
7344
7382
7433
7490
7529
7551
7701
7666
7674
7725
7765
7826
7853
7877
7899
7904
7996
8018
8177
8330

