1
2185
2188
2190
2192
2195
2197
2199
2201
2203
2205
2207
2209
2211
2214
2216
2218
2220
2223
2225
2227
2229
2232
2234
2237
2242
2308
2310
2312
2315
2317
2320
2323
2400
2404
2410
2414
2417
2419
2421
2424
2427
2430
2433
2435
2438
2441
2443
2445
2447
2449
2452
2455
2516
2519
2522
2528
2612
2615
2617
2620
2622
2624
2626
2628
2630
2632
2634
2636
2638
2640
2642
2644
2646
2649
2654
2659
2721
2723
2726
2730
2734
2736
2738
2740
2742
2748
2760
2763
2768
2771
2775
2778
2781
2784
2788
2790
2792
2794
2797
2800
2803
2806
2808
2810
2812
2814
2816
2818
2820
2823
2825
2827
2829
2831
2833
2835
2837
2839
2842
2845
2847
2850
2853
2855
2857
2861
2864
2866
2868
2870
2872
2875
2877
2882
2887
2893
2923
2925
2927
2929
2932
2934
2936
2938
2940
2942
2944
2947
2949
2952
2963
2967
2972
2977
2984
3026
3034
3037
6425
6428
6433
6436
6456
6462
6464
6467
6470
6472
6475
6477
6480
6483
6486
6489
6491
6493
6495
6498
6501
6503
6506
6509
6512
6515
6517
6520
6523
6526
6529
6532
6534
6537
6540
6542
6545
6547
6549
6559
6561
6564
6567
6570
6573
6576
6578
6581
6584
6587
6590
6593
6599
6602
6604
6606
6609
6612
6615
6618
6622
6624
6627
6630
6633
6636
6638
6661
6662
6664
6668
6670
6672
6675
6678
6680
6683
6686
6688
6691
6695
6697
6699
6701
6704
6707
6711
6714
6717
6721
6724
6727
6729
6732
6735
6737
6740
6757
6762
6764
6768
6771
6773
6776
6778
6781
6784
6787
6790
6792
6794
6796
6799
6801
6804
6806
6809
6812
6815
6818
6823
16204
16206
16208
16211
16234
16238
16242
16268
16272
16287
16291
16294
16300
16302
16304
16307
16309
16310
16313
16325
16329
16333
16338
16360
16366
16368
16382
16385
16388
16390
16396
16398
16400
16403
16406
16407
16409
16410
16422
16429
16433
16443
16462
16464
16490
16492
16495
16497
16500
16502
16504
16507
16508
16510
16526
16587
16592
16596
16599
16603
16608
16610
16613
16615
16617
16619
16638
16648
16707
16709
16711
16713
16715
16718
16720
16723
16726
16728
16730
16732
16734
16739
16757
16771
16832
16836
16838
16840
16842
16844
16846
16848
16850
16852
16855
16953
16956
16959
16961
16964
16966
16968
16970
16973
16976
16978
16980
16984
17015
17076
17083
17086
17091
17096
17098
17101
17104
17106
17109
17112
17114
17116
17118
17121
17126
17249
17251
17253
17255
17259
17263
17266
17269
17272
17277
17284
17310
17321
17382
17389
17395
17400
17404
17407
17409
17411
17413
17415
17417
17419
17421
17423
17426
17429
17431
17434
17437
17535
17539
17542
17546
17549
17554
17556
17559
17561
17565
17568
17570
17572
17574
17577
17580
17583
17585
17587
17591
17681
17685
17688
17705
17709
17713
17716
17719
17721
17724
17728
19335
19338
19340
19343
19345
19348
19352
19355
19360
19362
19365
19369
19372
19374
19377
19381
19384
19390
19403
19407
19410
19416
19419
19421
19424
19426
19428
19430
19436
19487
19491
19530
19549
19552
19554
19558
19560
19564
19587
19597
19600
19603
19606
19609
19611
19614
19675
22339