1
42
61
96
190
242
243
259
260
284
318
349
385
433
493
524
548
579
615
637
657
658
677
701
702
737
769
804
829
866
884
911
931
949
955
961
1153
1258
1291
1350
1397
1398
1463
1638
1681
1725
1793
1833
1892
1919
2027
2087
2158
2218
2342
2388
2471
2516
2566
2639
2726
2815
2855
2860
2863
2868
2871
2874
2877
2878
2879
2908
2970
3040
3144
3222
3258
3291
3419
3506
3560
3592
3653
3689
3744
3817
3847
3901
3940
3981
3982
4017
4090
4137
4259
4328
4465
4510
4512
4516
4522
4526
4530
4536
4571
4614
4664
4715
4774
4839
4898
4995
5032
5071
5103
5154
5184
5222
5290
5381
5404
5419
5420
5423
5437
5456
5457
5460
5465
5483