1
94
122
126
147
153
160
186
214
333
376
410
440
491
528
556
564
566
579
587
593
598
614
628
641
642
646
647
652
665
673
684
689
690
709
716
718
719
725
727
732
743
745
746
748
752
754
759
763
781
783
791
807
808
813
818
824
829
834
842
845
850
852
856
857
861
866
867
872
877
878
888
890
893
899
904
909
915
917
920
931
936
952
958
960
968
974
987
988
990
1002
1006
1009
1011
1012
1014
1033
1038
1065
1067
1068
1070
1076
1081
1084
1089
1092
1097
1108
1129
1148
1156
1167
1168
1172
1174
1178
1183
1186
1213
1221
1226
1231
1242
1244
1246
1253
1255
1258
1260
1262
1264
1266
1269
1272
1274
1276
1280
1285
1288
1290
1293
1296
1301
1306
1307
1309
1315
1317
1324
1326
1328
1330
1333
1336
1344
1346
1349
1411
1414
1419
1424
1430
1431
1650
1655
1661
1664
1666
1670
1698
1714
1733
1736
1800
1801
1805
1806
1809
1811
1813
1814
1816
1817
1818
1820
1822
1827
1834
1838
1839
1840
1843
1849
1852
1854
1859
1861
1865
1867
1875
1881
1883
1886
1902
1914
1918
1924
1926
1929
1931
1934
1935
1940
1943
1945
1948
1949
1950
1956
1977
1983
1988
1997
1999
2004
2042
2043
2047
2058
2063
2066
2070
2071
2074
2079
2082
2085
2086
2090
2101
2106
2111
2117
2120
2138
2144
2170
2205
2206
2208
2216
2235
2238
2240
2242
2251
2254
2262
2267
2276
2278
2289
2294
2296
2351
2358
2364
2369
2371
2380
2401
2412
2597
2617
2672
2677
2693
2720
2731
2736
2742
2779
2785
2807
2834
2839
2845
2850
2855
2861
2866
2877
2882
2893
2898
2904
2909
2920
2925
2931
2936
2941
2956
3006
3011
3022
3038
3086
3092
3097
3108
3125
3162
3205
3211
3216
3291
3308
3319
3361
3366
3372
3388
3393
3404
3409
3415
3420
3425
3431
3436
3447
3468
3474
3479
3490
3540
3550
3555
3566
3571
3577
3582
3593
3598
3609
3614
3625
3636
3657
3941
4010
4120
4194
4249
4250
4253
4259
4262
4265
4270
4281
4286
4293
4306
4308
4313
4324
4326
4340
4345
4351
4352
4415
4501
4517
4522
4565
4668
4669
4674
4679
4690
4695
4704
4759
4824
4829
4835
4851
4856
4858
4862
4867
4872
4873
4878
4883
4888
4894
4899
4910
4915
4918
4932
4938
4943
4954
4959
4970
4975
4978
5040
5041
5045
5056
5061
5067
5072
5083
5088
5091
5095
5105
5116
5118
5121
5127
5137
5139
5141
5143
5146
5148
5150
5152
5155
5157
5159
5161
5164
5166
5168
5171
5173
5175
5177
5180
5182
5184
5186
5212
5215
5218
5329
5444
5450
5455
5467
5472
5483
5484
5488
5494
5499
5510
5513
5515
5526
5531
5537
5542
5543
5553
5555
5558
5569
5574
5584
5589
5595
5600
5605
5611
5616
5627
5632
5643
5648
5654
5659
5665
5670
5675
5680
5686
5691
5692
5695
5697
5702
5713
5719
5720
5723
5730
5735
5740
5744
5765
5774
5784
5797
5824
5843
5882
5909
5910
5913
5947
5951
5956
5962
5967
5972
5978
5981
5983
5994
5999
6000
6005
6010
6021
6026
6037
6042
6048
6053
6064
6069
6081
6086
6090
6091
6097
6102
6108
6113
6118
6124
6129
6140
6145
6146
6174
6199
6200
6204
6210
6215
6226
6231
6242
6247
6253
6259
6264
6270
6275
6286
6291
6302
6356
6357
6361
6372
6377
6388
6393
6395
6396
6399
6404
6409
6415
6420
6432
6437
6448
6453
6459
6464
6469
6475
6480
6486
6487
6491
6496
6502
6507
6512
6523
6534
6537
6539
6550
6555
6561
6566
6605
6660
6674
6678
6680
6685
6687
6696
6701
6712
6714
6717
6723
6725
6783
6804
6810
6815
6820
6826
6831
6842
6847
6853
6858
6863
6869
6874
6885
6906
6907
6912
6917
6928
6933
6934
6978
6979
6988
6993
7004
7009
7015
7020
7031
7036
7047
7052
7058
7063
7068
7074
7079
7150
7155
7161
7166
7171
7193
7198
7209
7214
7217
7220
7225
7236
7241
7246
7252
7257
7263
7268
7273
7274
7279
7284
7295
7300
7306
7311
7322
7328
7339
7344
7349
7360
7366
7387
7398
7399
7403
7409
7414
7419
7425
7441
7446
7457
7462
7468
7473
7484
7489
7500
7506
7517
7522
7528
7533
7544
7549
7560
7565
7571
7576
7592
7594
7603
7605
7608
7611
7614
7617
7619
7623
7626
7630
7632
7644
7646
7651
7653
7657
7667
7678
7727
7749
7754
7770
7808
7813
7819
7824
7856
7862
7868
7873
7879
7884
8018
8098
8125
8127
8202
8207
8259
8262
8283
8286
8289
8291
8332
8337
8391
8394
8396
8398
8738