1
71
111
141
196
239
289
291
297
303
309
315
321
327
333
339
341
389
466
526
596
853
951
980
1009
1039
1065
1275
1320
1326
1338
1344
1350
1356
1362
1368
1374
1380
1386
1392
1398
1404
1410
1416
1422
1428
1434
1440
1464
1476
1483
1489
1495
1522
1738
1947
2050
2056
2062
2173
2300
2311
2317
2323
2371
2377
2389
2492
2534
2574
2580
2586
2592
2598
2604
2628
2634
2640
2653
2659
2665
2738
2841
2847
2853
2859
2865
2871
3029
3188
3268
3274
3427
3443
3502
3508
3514
3520
3532
3538
3544
3550
3556
3569
3575
3581
3585
3587
3593
3599
3605
3611
3617
3623
3629
3635
3641
3647
3653
3659
3665
3671
3728
4003
4032
4089
4101
4107
4113
4125
4131
4137
4143
4145
4146
4149
4155
4226
4232
4276
4288
4428
4440
4442
4604
4829
5067
5102
5106
5112
5118
5124
5130
5136
5148
5179
5185
5191
5197
5233
5239
5245
5251
5257
5281
5296
5363
5425
5431
5437
5443
5449
5456
5468
5546
5568
5657
5665
5772
5779
5797
5803
5828
5834
5840
5846
5852
5858
5860
6082
6236
6265
6271
6277
6283
6290
6296
6302
6308
6314
6320
6339
6481
6517
6602
6603
6635
6641
6677
6678
6751
6752
6755
6761
6767
6773
6779
6786
6792
6798
6804
6810
6816
6818
6840
6846
6852
6877
7162
7333
7369
7375
7381
7400
7406
7412
7418
7456
7478
7538
7548
8019