1
75
328
330
350
351
518
530
536
556
565
614
706
802
822
855
886
887
889
894
899
904
909
914
1049
1061
1084
1089
1094
1099
1104
1109
1113
1134
1163
1234
1265
1295
1336
1406
1431
1436
1446
1451
1456
1460
1575
1611
1616
1621
1626
1656
1661
1666
1671
1676
1870
1872
1915
1935
2080
2081
2159
2228
2252
2305
2306
2439
2440
2618
2807
2983
2984
3144
3287
3327
3683
3739
3820
3852
3938
4005
4097
4098
4125
4159
4197
4227
4288
4320
4321
4381
4413
4492
4564
4565
4650
4812
4892
4971
5054
5132
5211
5297
5491
5492
5657
5658
5699
5726
5752
5775
5795
5796
5799
5804
5809
5814
5824
5829
6007
6371