1
72
96
105
138
159
205
280
290
300
310
315
330
365
916
1061
1572
1782
2263
2335
2341
2344
2359
2362
2368
2374
2377
2380
2386
2461
2467
2482
2485
2497
2500
2503
2523
2848
2863
2866
2884
2887
2893
2896
2923
2926
2983
3031
3202
3204
3207
3216
3218
3239
3383
3404
3407
3410
3419
3428
3431
3440
3443
3446
3453
3474
3476
3478
3481
3483
3511
3530
3548
3670
3672
3674
3677
3679
3681
3684
3686
3688
3691
3693
3712
3714
3716
3719
3721
3723
3726
3728
3730
3733
3735
3737
3751
3768
3770
3772
3775
3786
3819
3821
3828
3831
3833
3835
3866
3875
3903
3905
3910
3912
3919
3936
3950
3957
3966
3969
4057
4333
4426
4429
4660
7164
7596
7820
7822
7875
7898